load_bus,priority_level,priority_weight,demand_share
0,1,1.5,0.017021931154295
1,1,1.5,0.0224425614051296
2,1,1.5,0.0151397881613347
3,1,1.5,0.0137080338482084
5,1,1.5,0.0242012563152137
6,1,1.5,0.0145163464746102
7,1,1.5,0.0188865039653787
10,1,1.5,0.0177399594880055
11,1,1.5,0.0241880071114476
12,1,1.5,0.0121613485155809
13,1,1.5,0.0293236374630125
14,1,1.5,0.0101339285609951
15,1,1.5,0.0196650193467159
16,1,1.5,0.018244659995437
17,1,1.5,0.0094912503186419
18,1,1.5,0.020701506424289
19,1,1.5,0.0127989508723064
20,1,1.5,0.0073388703565787
21,1,1.5,0.0223469956823255
22,1,1.5,0.0053608569481301
23,1,1.5,0.0083886518121719
26,1,1.5,0.0150259833565873
27,1,1.5,0.02408999143665
28,1,1.5,0.0215046741116618
30,1,1.5,0.0168500151081854
31,1,1.5,0.0040261565145002
32,1,1.5,0.0098084116006615
33,1,1.5,0.0113807442102437
34,1,1.5,0.00708096876248
35,1,1.5,0.00314492251968
38,2,0.5,0.0097901458805216
39,2,0.5,0.0150836112897863
40,2,0.5,0.0061294026266286
41,2,0.5,0.0167671803698418
42,2,0.5,0.0020473346722694
43,2,0.5,0.0032754956028371
44,2,0.5,0.0096224215772647
45,2,0.5,0.0056647363788152
46,2,0.5,0.0141553214570787
47,2,0.5,0.0124384844948007
48,2,0.5,0.0060427894700416
49,2,0.5,0.002289775196953
50,2,0.5,0.0054253062645938
51,2,0.5,0.0126733062010737
52,2,0.5,0.0145818056581293
53,2,0.5,0.0056875535466411
54,2,0.5,0.0010642068620226
55,2,0.5,0.0019129311802652
56,2,0.5,0.0118917962659236
57,2,0.5,0.0059523497310788
58,2,0.5,0.0060837298026652
59,2,0.5,0.0032191672934947
61,2,0.5,0.0031547471057617
65,2,0.5,0.0165581733820871
66,2,0.5,0.0122221603665496
69,2,0.5,0.0047564009604758
71,2,0.5,0.0090571769901162
72,2,0.5,0.0103819603453601
73,2,0.5,0.0272460679392853
74,2,0.5,0.0028767412969208
75,3,0.2,0.0004735142441249
76,3,0.2,0.0061411791096623
77,3,0.2,0.0065209691259697
78,3,0.2,0.0019750617557243
79,3,0.2,0.0003076438870862
81,3,0.2,0.0183165296678958
82,3,0.2,0.0054211778244636
83,3,0.2,0.0099865258758828
84,3,0.2,0.0023676229302742
85,3,0.2,0.0112504043582664
87,3,0.2,0.0110146489566442
89,3,0.2,0.0006250143981189
90,3,0.2,0.0364516515448271
91,3,0.2,0.0045205353587536
92,3,0.2,0.0093804219511229
93,3,0.2,0.0016354750274228
94,3,0.2,0.0066024709277722
95,3,0.2,0.0019209900433109
96,3,0.2,0.0108312597277512
97,3,0.2,0.0031077216216079
98,3,0.2,0.0052285575526286
99,3,0.2,0.0035439062402658
100,3,0.2,0.0050568410870625
101,3,0.2,0.0031696336166817
102,3,0.2,0.0041138308867287
103,3,0.2,0.0001927514026354
104,3,0.2,0.010653846788093
105,3,0.2,0.0168423673502113
106,3,0.2,0.0038988465122571
107,3,0.2,0.0228450019908156
108,3,0.2,0.0011280363127952
109,3,0.2,0.0186878999418931
111,3,0.2,0.0024451995973124
112,3,0.2,0.004487396760996
113,3,0.2,0.016354782320412
114,3,0.2,0.0008517991429581
115,3,0.2,0.0012817089720622
116,3,0.2,0.0090097723906987
117,3,0.2,0.0065927907470643
